13.4 14.8 15.8 16.1 
14.9 16.4 17.3 17.6
16.3 17.8 18.8 19.2
16.9 18.5 19.4 19.8      
17.2 18.7 19.7 20.1
17.3 18.9 19.8 20.2
17.3 18.9 19.9 20.3
17.3 18.9 19.9 20.3
17.3 18.8 19.8 20.2
17.2 18.7 19.7 20.1
17.0 18.6 19.5 19.9
16.9 18.4 19.4 19.8  
16.8 18.3 19.2 19.6 
16.7 18.1 19.1 19.5        
16.6 18.0 18.9 19.3 
16.4 17.9 18.8 19.2       
16.3 17.8 18.7 19.1          
16.2 17.6 18.6 18.9  
16.1 17.5 18.5 18.8 
16.1 17.4 18.4 18.7 
16.0 17.4 18.3 18.6  
15.9 17.3 18.2 18.6  
15.8 17.2 18.1 18.5  
15.8 17.1 18.0 18.4   
16.0 17.4 18.3 18.7  
16.0 17.4 18.3 18.6 
15.9 17.3 18.2 18.6  
15.9 17.3 18.2 18.5    
15.9 17.2 18.1 18.5  
15.8 17.2 18.1 18.4   
15.8 17.2 18.0 18.4 
15.8 17.1 18.0 18.4    
15.7 17.1 18.0 18.3    
15.7 17.0 17.9 18.3  
15.7 17.0 17.9 18.2 
15.6 17.0 17.9 18.2  
15.6 17.0 17.8 18.2
15.6 16.9 17.8 18.1 
15.5 16.9 17.8 18.1  
15.5 16.9 17.7 18.1 
15.5 16.8 17.7 18.1  
15.5 16.8 17.7 18.0    
15.4 16.8 17.7 18.0  
15.4 16.8 17.7 18.0  
15.4 16.8 17.7 18.0 
15.4 16.8 17.6 18.0  
15.4 16.7 17.6 18.0  
15.3 16.7 17.6 18.0 
15.3 16.7 17.6 18.0
15.3 16.7 17.6 18.0   
15.3 16.7 17.6 18.0
15.3 16.7 17.6 18.0    
15.3 16.7 17.6 18.0   
15.3 16.7 17.6 18.0   
15.3 16.7 17.6 18.0
15.2 16.7 17.6 18.0  
15.2 16.7 17.6 18.0 
15.2 16.7 17.6 18.0 
15.2 16.7 17.6 18.0  
15.2 16.7 17.7 18.1  
15.2 16.7 17.7 18.1
15.3 16.7 17.7 18.1   
15.3 16.7 17.7 18.1
15.3 16.7 17.7 18.1  
15.3 16.7 17.7 18.1     
15.3 16.7 17.7 18.1   
15.3 16.7 17.7 18.1  
15.3 16.7 17.7 18.2  
15.3 16.8 17.7 18.2   
15.3 16.8 17.7 18.2   
15.3 16.8 17.7 18.2  
15.3 16.8 17.7 18.3    

