2.0 2.4 2.8 3.2 3.7 4.2 4.8 43.6 45.4 47.3 49.1 51.0 52.9 54.7
2.7 3.2 3.6 4.2 4.8 5.5 6.2 47.8 49.8 51.7 53.7 55.6 57.6 59.5 
3.4 3.9 4.5 5.1 5.8 6.6 7.5 51.0 53.0 55.0 57.1 59.1 61.1 63.2
4.0 4.5 5.2 5.8 6.6 7.5 8.5 53.5 55.6 57.7 59.8 61.9 64.0 66.1
4.4 5.0 5.7 6.4 7.3 8.2 9.3 55.6 57.8 59.9 62.1 64.3 66.4 68.6    
4.8 5.4 6.1 6.9 7.8 8.8 10.0 57.4 59.6 61.8 64.0 66.2 68.5 70.7 
5.1 5.7 6.5 7.3 8.2 9.3 10.6 58.9 61.2 63.5 65.7 68.0 70.3 72.5
5.3 6.0 6.8 7.6 8.6 9.8 11.1 60.3 62.7 65.0 67.3 69.6 71.9 74.2 
5.6 6.3 7.0 7.9 9.0 10.2 11.6 61.7 64.0 66.4 68.7 71.1 73.5 75.8 
5.8 6.5 7.3 8.2 9.3 10.5 12.0 62.9 65.3 67.7 70.1 72.6 75.0 77.4 
5.9 6.7 7.5 8.5 9.6 10.9 12.4 64.1 66.5 69.0 71.5 73.9 76.4 78.9
6.1 6.9 7.7 8.7 9.9 11.2 12.8 65.2 67.7 70.3 72.8 75.3 77.8 80.3 
6.3 7.0 7.9 8.9 10.1 11.5 13.1 66.3 68.9 71.4 74.0 76.6 79.2 81.7 
6.4 7.2 8.1 9.2 10.4 11.8 13.5 67.3 70.0 72.6 75.2 77.8 80.5 83.1 
6.6 7.4 8.3 9.4 10.6 12.1 13.8 68.3 71.0 73.7 76.4 79.1 81.7 84.4
6.7 7.6 8.5 9.6 10.9 12.4 14.1 69.3 72.0 74.8 77.5 80.2 83.0 85.7
6.9 7.7 8.7 9.8 11.1 12.6 14.5 70.2 73.0 75.8 78.6 81.4 84.2 87.0 
7.0 7.9 8.9 10.0 11.4 12.9 14.8 71.1 74.0 76.8 79.7 82.5 85.4 88.2 
7.2 8.1 9.1 10.2 11.6 13.2 15.1 72.0 74.9 77.8 80.7 83.6 86.5 89.4 
7.3 8.2 9.2 10.4 11.8 13.5 15.4 72.8 75.8 78.8 81.7 84.7 87.6 90.6 
7.5 8.4 9.4 10.6 12.1 13.7 15.7 73.7 76.7 79.7 82.7 85.7 88.7 91.7 
7.6 8.6 9.6 10.9 12.3 14.0 16.0 74.5 77.5 80.6 83.7 86.7 89.8 92.9 
7.8 8.7 9.8 11.1 12.5 14.3 16.4 75.2 78.4 81.5 84.6 87.7 90.8 94.0 
7.9 8.9 10.0 11.3 12.8 14.6 16.7 76.0 79.2 82.3 85.5 88.7 91.9 95.0 
8.1 9.0 10.2 11.5 13.0 14.8 17.0 76.7 80.0 83.2 86.4 89.6 92.9 96.1
8.2 9.2 10.3 11.7 13.3 15.1 17.3 76.8 80.0 83.3 86.6 89.9 93.1 96.4 
8.4 9.4 10.5 11.9 13.5 15.4 17.7 77.5 80.8 84.1 87.4 90.8 94.1 97.4 
8.5 9.5 10.7 12.1 13.7 15.7 18.0 78.1 81.5 84.9 88.3 91.7 95.0 98.4 
8.6 9.7 10.9 12.3 14.0 16.0 18.3 78.8 82.2 85.7 89.1 92.5 96.0 99.4 
8.8 9.8 11.1 12.5 14.2 16.2 18.7 79.5 82.9 86.4 89.9 93.4 96.9 100.3 
8.9 10.0 11.2 12.7 14.4 16.5 19.0 80.1 83.6 87.1 90.7 94.2 97.7 101.3 
9.0 10.1 11.4 12.9 14.7 16.8 19.3 80.7 84.3 87.9 91.4 95.0 98.6 102.2 
9.1 10.3 11.6 13.1 14.9 17.1 19.6 81.3 84.9 88.6 92.2 95.8 99.4 103.1 
9.3 10.4 11.7 13.3 15.1 17.3 20.0 81.9 85.6 89.3 92.9 96.6 100.3 103.9 
9.4 10.5 11.9 13.5 15.4 17.6 20.3 82.5 86.2 89.9 93.6 97.4 101.1 104.8 
9.5 10.7 12.0 13.7 15.6 17.9 20.6 83.1 86.8 90.6 94.4 98.1 101.9 105.63   
9.6 10.8 12.2 13.9 15.8 18.1 20.9 83.6 87.4 91.2 95.1 98.9 102.7 106.5 
9.7 10.9 12.4 14.0 16.0 18.4 21.3 84.2 88.0 91.9 95.7 99.6 103.4 107.3 
9.8 11.1 12.5 14.2 16.3 18.7 21.6 84.7 88.6 92.5 96.4 100.3 104.2 108.1 
9.9 11.2 12.7 14.4 16.5 19.0 22.0 85.3 89.2 93.1 97.1 101.0 105.0 108.9 
10.1 11.3 12.8 14.6 16.7 19.2 22.3 85.8 89.8 93.8 97.7 101.7 105.7 109.7 
10.2 11.5 13.0 14.8 16.9 19.5 22.7 86.3 90.4 94.4 98.4 102.4 106.4 110.5 
10.3 11.6 13.1 15.0 17.2 19.8 23.0 86.8 90.9 95.0 99.0 103.1 107.2 111.2 
10.4 11.7 13.3 15.2 17.4 20.1 23.4 87.4 91.5 95.6 99.7 103.8 107.9 112.0 
10.5 11.8 13.4 15.3 17.6 20.4 23.7 87.9 92.0 96.2 100.3 104.5 108.6 112.7 
10.6 12.0 13.6 15.5 17.8 20.7 24.1 88.4 92.5 96.7 100.9 105.1 109.3 113.5 
10.7 12.1 13.7 15.7 18.1 20.9 24.5 88.9 93.1 97.3 101.5 105.8 110.0 114.2 
10.8 12.2 13.9 15.9 18.3 21.2 24.8 89.3 93.6 97.9 102.1 106.4 110.7 114.9 
10.9 12.3 14.0 16.1 18.5 21.5 25.2 89.8 94.1 98.4 102.7 107.0 111.3 115.7 
11.0 12.4 14.2 16.3 18.8 21.8 25.5 90.3 94.6 99.0 103.3 107.7 112.0 116.4 
11.1 12.6 14.3 16.4 19.0 22.1 25.9 90.7 95.1 99.5 103.9 108.3 112.7 117.1 
11.2 12.7 14.5 16.6 19.2 22.4 26.3 91.2 95.6 100.1 104.5 108.9 113.3 117.7 
11.3 12.8 14.6 16.8 19.4 22.6 26.6 91.7 96.1 100.6 105.0 109.5 114.0 118.4 
11.4 12.9 14.8 17.0 19.7 22.9 27.0 92.1 96.6 101.1 105.6 110.1 114.6 119.1 
11.5 13.0 14.9 17.2 19.9 23.2 27.4 92.6 97.1 101.6 106.2 110.7 115.2 119.8 
11.6 13.2 15.1 17.3 20.1 23.5 27.7 93.0 97.6 102.2 106.7 111.3 115.9 120.4 
11.7 13.3 15.2 17.5 20.3 23.8 28.1 93.4 98.1 102.7 107.3 111.9 116.5 121.1 
11.8 13.4 15.3 17.7 20.6 24.1 28.5 93.9 98.5 103.2 107.8 112.5 117.1 121.8 
11.9 13.5 15.5 17.9 20.8 24.4 28.8 94.3 99.0 103.7 108.4 113.0 117.7 122.4 
12.0 13.6 15.6 18.0 21.0 24.6 29.2 94.7 99.5 104.2 108.9 113.6 118.3 123.1 
12.1 13.7 15.8 18.2 21.2 24.9 29.5 95.2 99.9 104.7 109.4 114.2 118.9 123.7 
11.1 13.9 15.9 17.8 20.7 23.5 26.4 95.6 100.0 104.5 108.9 113.4 117.8 122.3     
11.2 14.0 16.0 18.0 20.9 23.7 26.6 96.1 100.5 105.0 109.5 114.0 118.4 122.9 
11.2 14.1 16.1 18.1 21.0 23.9 26.8 96.4 100.9 105.5 110.0 114.6 119.1 123.7 
11.3 14.2 16.3 18.3 21.2 24.1 27.0 96.8 101.4 106.0 110.5 115.1 119.7 124.3
11.3 14.3 16.4 18.4 21.4 24.4 27.4 97.2 101.8 106.4 111.0 115.7 120.3 125.0
11.4 14.4 16.5 18.6 21.6 24.6 27.6 97.6 102.2 106.9 111.6 116.3 120.9 125.6 
11.4 14.5 16.6 18.7 21.8 24.9 28.0 98.0 102.7 107.4 112.1 116.8 121.5 126.2
11.5 14.6 16.8 18.9 22.0 25.1 28.2 98.4 103.1 107.9 112.6 117.4 122.1 126.9 
11.5 14.7 16.9 19.0 22.2 25.4 28.6 98.7 103.5 108.3 113.1 117.9 122.7 127.5 
11.6 14.8 17.0 19.2 22.5 25.7 29.0 99.2 104.0 108.8 113.6 118.5 123.3 128.2 
11.7 14.9 17.2 19.4 22.7 25.9 29.2 99.5 104.4 109.3 114.1 119.0 123.9 128.8