13.3 14.7 15.5 15.9     
14.6 16.1 17.0 17.3      
15.8 17.4 18.4 18.8     
16.4 18.0 19.0 19.4      
16.7 18.3 19.4 19.8     
16.8 18.5 19.6 20.0      
16.9 18.6 19.6 20.1          
16.9 18.6 19.6 20.1      
16.8 18.5 19.6 20.0     
16.7 18.4 19.4 19.9     
16.6 18.2 19.3 19.7    
16.5 18.1 19.1 19.6
16.4 17.9 19.0 19.4   
16.2 17.8 18.8 19.2   
16.1 17.7 18.7 19.1   
16.0 17.5 18.6 19.0   
15.9 17.4 18.4 18.8   
15.8 17.3 18.3 18.7    
15.7 17.2 18.2 18.6    
15.7 17.2 18.2 18.6    
15.6 17.1 18.1 18.5    
15.5 17.0 18.0 18.4   
15.5 17.0 17.9 18.3    
15.4 16.9 17.9 18.3 
15.7 17.2 18.1 18.5  
15.7 17.1 18.1 18.5  
15.6 17.1 18.1 18.5   
15.6 17.1 18.0 18.4     
15.6 17.0 18.0 18.4   
15.6 17.0 18.0 18.4   
15.5 17.0 17.9 18.3    
15.5 17.0 17.9 18.3    
15.5 16.9 17.9 18.3  
15.5 16.9 17.9 18.3      
15.4 16.9 17.9 18.2   
15.4 16.9 17.8 18.2
15.4 16.9 17.8 18.2   
15.4 16.8 17.8 18.2   
15.4 16.8 17.8 18.2     
15.3 16.8 17.8 18.2  
15.3 16.8 17.8 18.2    
15.3 16.8 17.8 18.2    
15.3 16.8 17.8 18.2  
15.3 16.8 17.8 18.2   
15.3 16.8 17.8 18.2    
15.3 16.8 17.8 18.3   
15.3 16.8 17.8 18.3  
15.3 16.8 17.8 18.3
15.3 16.8 17.8 18.3   
15.3 16.8 17.8 18.3 
15.3 16.8 17.8 18.3     
15.3 16.8 17.9 18.4    
15.3 16.8 17.9 18.4   
15.3 16.9 17.9 18.4  
15.3 16.9 17.9 18.4    
15.3 16.9 17.9 18.4     
15.3 16.9 18.0 18.5     
15.3 16.9 18.0 18.5   
15.3 16.9 18.0 18.5   
15.3 16.9 18.1 18.5
15.3 17.0 18.1 18.6  
15.2 16.9 18.1 18.6     
15.2 16.9 18.1 18.6    
15.2 17.0 18.1 18.7     
15.2 17.0 18.1 18.7    
15.2 17.0 18.1 18.7    
15.2 17.0 18.1 18.7    
15.2 17.0 18.1 18.8    
15.3 17.0 18.1 18.8    
15.3 17.0 18.1 18.8    
15.3 17.0 18.1 18.9    
15.3 17.0 18.1 18.9 